0.220
0.700
1.180
1.660
2.140
2.620
3.100
3.580
4.060
4.540
5.020
5.500
5.980
6.460
6.940
7.420
7.900
8.380
8.850
9.340
9.820
10.300
10.780
11.250
11.730
12.210
12.690
13.170
13.650
14.130
14.610
15.090
15.560
16.050
16.530
17.000
17.480
17.960
18.450
18.920
19.400
19.880
20.360
20.840
21.320
21.800
22.280
22.760
23.230
23.720
24.200
24.680
25.150
25.630
26.110
26.590
27.070
27.550
28.030
28.510
28.990
29.470
29.950
30.430
30.900
31.390
31.870
32.350
32.820
33.300
33.780
34.260
34.740
35.220
35.700
36.180
36.660
37.140
37.620
38.100
38.580
39.050
39.530
40.010
40.490
40.970
41.450
41.930
42.410
42.890
43.370
43.840
44.320
44.800
45.280
45.760
46.240
46.720
47.200
47.680
48.160
48.640
49.120
49.590
50.070
50.560
51.030
51.510
51.990
52.470
52.950
53.430
53.910
54.390
54.870
55.340
55.820
56.300
56.780
57.260
57.740
58.220
58.700
59.180
59.660
60.140
60.620
61.100
61.570
62.050
62.530
63.010
63.490
63.970
64.450
64.930
65.410
65.890
66.360
66.850
67.320
67.800
68.280
68.760
69.240
69.720
70.200
70.680
71.160
71.640
72.120
72.590
73.070
73.550
74.030
74.510
74.990
75.470
75.950
76.430
76.910
77.390
77.870
78.350
78.820
79.310
79.790
80.270
80.740
81.230
81.700
82.180
82.660
83.150
83.620
84.100
84.580
85.060
85.540
86.020
86.490
86.980
87.460
87.930
88.410
88.890
89.370
89.850
90.330
90.810
91.280
91.760
92.250
92.730
93.210
93.680
94.160
94.640
95.120
95.600
96.080
96.560
97.040
97.520
98.000
98.470
98.950
99.430
99.910
100.390
100.870
101.350
101.830
102.310
102.790
103.260
103.740
104.220
104.700
105.180
105.660
106.140
106.620
107.100
107.580
108.060
108.540
109.010
109.490
109.970
110.450
110.930
111.410
111.890
112.370
112.850
113.320
113.810
114.280
114.760
115.240
115.720
116.200
116.680
117.160
117.640
118.110
118.590
119.070
119.550
120.030
120.510
120.990
121.470
121.950
122.430
122.900
123.380
123.860
124.340
124.820
125.300
125.780
126.260
126.740
127.220
127.700
128.170
128.650
129.130
129.610
130.090
130.570
131.050
131.530
132.010
132.490
132.970
133.450
133.930
134.400
134.880
135.360
135.840
136.320
136.800
137.280
137.760
138.230
138.720
139.200
139.670
140.150
140.630
141.110
141.590
142.070
142.550
143.030
143.500
143.990
144.460
144.940
145.420
145.900
146.380
146.860
147.340
147.810
148.290
148.770
149.250
149.730
150.210
150.690
151.170
151.650
152.130
152.610
153.080
153.560
154.040
154.520
155.000
155.480
155.960
156.430
156.920
157.390
157.870
158.350
158.830
159.310
159.790
160.270
160.750
161.230
161.710
162.190
162.660
163.140
163.620
164.100
164.580
165.060
165.540
166.020
166.490
166.980
167.450
167.930
168.410
168.890
169.370
169.850
170.320
170.800
171.290
171.770
172.250
172.720
173.200
173.680
174.160
174.640
175.120
175.600
176.080
176.550
177.030
177.510
177.990
178.470
178.950
179.430
179.910
180.390
180.870
181.350
181.830
182.300
182.780
183.260
183.740
184.220
184.700
185.180
185.660
186.130
186.610
187.090
187.570
188.050
188.530
189.010
189.490
189.970
190.440
190.920
191.400
191.880
192.360
192.840
193.320
193.790
194.270
194.750
195.230
195.710
196.190
196.670
197.150
197.630
198.110
198.580
199.070
199.540
200.030
200.500
200.980
201.450
201.940
202.410
202.900
203.380
203.860
204.340
204.810
205.290
205.770
206.250
206.730
207.210
207.690
208.170
208.650
209.110
209.600
210.080
210.560
211.040
211.520
212.000
212.470
212.960
213.440
213.910
