0.670
1.720
2.830
3.940
4.890
5.940
6.850
7.780
8.740
9.670
10.610
11.580
12.470
13.420
14.310
15.240
16.110
17.030
17.850
18.750
19.560
20.470
21.310
22.200
23.060
23.880
24.680
25.470
26.270
27.050
27.820
28.650
29.440
30.270
31.090
31.910
32.720
33.500
34.290
35.060
35.730
36.460
37.150
37.800
38.410
39.030
39.670
40.270
40.850
41.460
42.070
42.650
43.280
43.900
44.540
45.240
45.880
46.530
47.140
47.780
48.430
49.060
49.670
50.320
51.020
51.660
52.270
52.870
53.480
54.080
54.670
55.270
55.880
56.510
57.130
57.760
58.360
58.980
59.570
60.170
60.760
61.390
61.920
62.440
62.940
63.440
63.910
64.380
64.850
65.300
65.730
66.160
66.580
67.010
67.430
67.850
68.260
68.670
69.060
69.440
69.790
70.160
70.540
70.900
71.280
71.660
72.040
72.420
72.790
73.180
73.560
73.940
74.320
74.700
75.080
75.460
75.840
76.220
76.600
76.970
77.360
77.740
78.120
78.500
78.890
79.270
79.640
80.020
80.410
80.780
81.160
81.540
81.930
82.300
82.680
83.070
83.450
83.830
84.210
84.590
84.970
85.350
85.730
86.110
86.490
86.870
87.250
87.630
88.010
88.390
88.770
89.150
89.530
89.940
90.370
90.760
91.140
91.530
91.900
92.290
92.670
93.040
93.420
93.810
94.190
94.580
94.950
95.330
95.710
96.080
96.470
96.840
97.210
97.570
97.910
98.270
98.670
99.040
99.420
99.800
100.170
100.560
100.930
101.320
101.700
102.080
102.470
102.840
103.220
103.590
103.970
104.360
104.750
105.120
105.510
105.890
106.260
106.640
107.030
107.430
107.820
108.200
108.590
108.970
109.340
109.720
110.110
110.480
110.860
111.240
111.630
112.010
112.380
112.760
113.140
113.530
113.910
114.290
114.670
115.050
115.430
115.800
116.180
116.560
116.940
117.330
117.720
118.090
118.470
118.840
119.230
119.610
119.990
120.380
120.760
121.140
121.520
121.900
122.280
122.650
123.040
123.410
123.800
124.180
124.560
124.940
125.320
125.700
126.090
126.460
126.850
127.220
127.600
127.980
128.370
128.750
129.130
129.510
129.890
130.260
130.640
131.030
131.410
131.790
132.180
132.550
132.930
133.310
133.680
134.070
134.450
134.820
135.220
135.590
135.970
136.350
136.730
137.110
137.500
137.870
138.260
138.630
139.020
139.400
139.780
140.160
140.540
140.920
141.300
141.680
142.060
142.440
142.820
143.190
143.580
143.960
144.350
144.720
145.110
145.480
145.870
146.250
146.630
147.010
147.390
147.760
148.150
148.520
148.910
149.280
149.670
150.060
150.450
150.810
151.200
151.570
151.960
152.330
152.720
153.090
153.480
153.850
154.240
154.610
155.000
155.370
155.760
156.130
156.530
156.890
157.290
157.650
158.050
158.420
158.810
159.170
159.570
159.940
160.330
160.700
161.080
161.460
161.850
162.220
162.610
162.980
163.370
163.750
164.130
164.500
164.900
165.260
165.660
166.030
166.420
166.790
167.170
167.550
167.940
168.300
168.700
169.070
169.460
169.820
170.220
170.590
170.980
171.350
171.740
172.110
172.500
172.870
173.260
173.630
174.020
174.390
174.780
175.150
175.550
175.920
176.310
176.670
177.070
177.430
177.830
178.200
178.590
178.950
179.350
179.720
180.110
180.470
180.850
181.250
181.630
182.000
182.370
182.770
183.130
183.520
183.900
184.270
184.660
185.050
185.410
185.810
186.170
186.550
186.940
187.330
187.710
188.090
188.450
188.830
189.210
189.600
189.980
190.350
190.740
191.110
191.500
191.870
192.250
192.640
193.020
193.390
193.790
194.160
194.540
194.930
195.290
195.690
196.080
196.480
196.980
197.460
197.930
198.440
198.920
199.390
199.910
200.370
200.850
201.350
201.830
202.290
202.810
203.280
203.760
204.280
204.740
205.220
205.720
206.190
206.660
207.170
207.640
208.130
208.670
209.200
209.820
210.390
211.030
211.650
212.270
212.830
213.370
213.930
214.490
215.050
215.660
216.230
216.840
217.390
217.960
218.530
219.120
219.670
220.110
220.480
220.840
221.200
221.570
221.930
222.290
222.680
223.050
223.410
223.760
224.130
224.480
224.850
225.210
225.560
225.930
226.300
226.670
227.030
227.390
227.750
228.120
228.470
228.840
229.200
229.570
229.930
230.290
230.640
231.020
231.380
231.740
232.100
232.450
232.800
233.130
233.490
233.830
234.190
234.570
234.930
235.290
235.660
236.010
236.390
236.750
237.120
237.490
237.850
238.210
238.570
238.930
239.300
239.670
240.020
240.390
240.750
241.130
241.500
241.860
242.220
242.590
242.970
243.330
243.710
244.090
244.460
244.830
245.190
245.590
246.010
246.400
246.810
247.190
247.590
247.960
248.340
248.720
249.070
249.450
249.850
250.240
250.630
251.000
251.380
251.760
252.110
252.490
252.830
253.200
253.590
253.960
254.340
254.740
255.120
255.500
255.860
256.240
256.630
257.000
257.380
257.780
258.160
258.540
258.900
259.290
259.680
260.060
260.450
260.850
261.240
261.620
262.030
262.410
262.790
263.180
263.560
263.920
264.310
264.680
265.060
265.440
265.830
266.230
266.610
266.990
267.360
267.750
268.120
268.510
268.880
269.280
269.650
270.030
270.400
270.800
271.170
271.560
271.930
272.320
272.690
273.080
273.450
273.840
274.210
274.600
274.970
275.360
275.730
276.120
276.490
276.880
277.250
277.640
278.010
278.400
278.770
279.170
279.530
279.930
280.300
280.690
281.050
281.450
281.820
282.210
282.580
282.970
283.340
283.730
284.100
284.490
284.870
285.250
285.620
286.010
286.380
286.770
287.140
287.530
287.900
288.290
288.670
289.050
289.420
289.820
290.200
290.570
290.960
291.330
291.650
291.960
292.280
292.600
292.920
293.250
293.560
293.890
294.200
294.520
294.840
295.160
295.480
295.800
296.130
296.440
296.760
297.090
297.410
297.720
298.050
298.370
